/home/d-vasilev/ground_truth/IMG_20190305_170149_small.jpg 0,103,65,234,1 57,245,118,278,0 57,110,138,239,1 136,103,225,244,1 221,115,280,226,1 319,242,380,275,0 298,97,382,237,1 0,59,51,92,0 12,0,63,57,1 65,0,111,57,1 115,59,177,91,0 114,0,167,57,1 169,0,220,57,1 247,58,315,90,0 217,0,271,56,1 277,0,319,56,1 320,0,385,56,1
/home/d-vasilev/ground_truth/IMG_20190305_161001_small.jpg 0,219,37,254,0 0,51,79,211,1 78,69,173,212,1 183,222,246,258,0 173,64,256,213,1 253,56,325,216,1 354,225,400,259,0 326,99,389,212,1
/home/d-vasilev/ground_truth/IMG_20190305_160710_small.jpg 98,204,154,234,0 87,80,168,199,1 169,82,245,201,1 9,203,65,234,0 7,102,87,197,1 268,206,324,237,0 245,90,317,195,1 318,92,387,193,1 321,27,383,59,0
/home/d-vasilev/ground_truth/IMG_20190305_160353_small.jpg 60,229,126,264,0 52,61,153,214,1 122,51,222,220,1 246,229,311,264,0 216,47,336,218,1 316,66,400,216,1
/home/d-vasilev/ground_truth/IMG_20190305_160838_small.jpg 204,16,278,53,0 0,14,67,52,0 60,92,139,211,1 0,90,60,216,1 163,230,229,266,0 135,52,180,150,1 180,53,227,151,1 227,53,277,151,1 277,54,321,152,1
/home/d-vasilev/ground_truth/IMG_20190305_160459_small.jpg 1,112,70,228,1 72,238,145,278,0 75,80,137,226,1 162,82,213,227,1 135,88,162,210,1 213,90,235,211,1 261,239,334,279,0 241,87,302,229,1 299,92,327,209,1 321,85,396,228,1 0,11,81,52,0 92,12,172,54,0 210,15,289,56,0 324,17,400,58,0
/home/d-vasilev/ground_truth/IMG_20190305_160921_small.jpg 54,220,121,256,0 65,107,99,214,1 99,108,127,213,1 35,107,65,213,1 0,106,34,213,1 0,220,49,256,0 130,221,197,257,0 127,95,170,214,1 170,96,213,214,1 228,221,295,258,0 213,96,256,215,1 255,97,294,214,1 324,222,394,259,0 298,98,342,214,1 341,97,378,216,1
/home/d-vasilev/ground_truth/IMG_20190305_160400_small.jpg 1,79,32,178,1 77,236,140,270,0 69,130,121,231,1 124,131,172,228,1 70,50,135,85,0 74,0,109,47,1 110,0,143,48,1 143,51,207,85,0 143,0,175,49,1 175,0,202,49,1 216,52,279,85,0 202,0,243,50,1 244,0,285,51,1 306,54,368,86,0 285,0,326,51,1 326,0,358,52,1 193,234,252,266,0 186,105,230,224,1 245,104,299,225,1 343,231,400,264,0 310,107,369,223,1 372,108,400,223,1
/home/d-vasilev/ground_truth/IMG_20190305_160514_small.jpg 216,248,261,300,1 285,250,342,300,1 89,245,139,300,1 152,247,201,300,1 15,244,72,300,1 51,208,120,245,0 53,31,170,203,1 15,85,42,202,1 40,93,56,196,1 0,87,14,201,1 180,210,246,247,0 175,0,284,178,1 286,0,392,178,1
/home/d-vasilev/ground_truth/IMG_20190305_161038_small.jpg 322,135,386,245,1 227,247,293,282,0 215,134,271,241,1 267,136,323,240,1 98,245,159,279,0 97,130,153,239,1 155,130,208,239,1 0,243,39,277,0 42,133,100,238,1 0,132,42,234,1 0,97,62,128,0 31,4,79,96,1 62,98,126,129,0 88,7,137,97,1 128,100,190,130,0 138,0,177,98,1 177,0,217,99,1 220,101,282,132,0 217,0,257,100,1 257,0,298,100,1 311,102,375,134,0 297,7,359,100,1 355,12,400,101,1
/home/d-vasilev/ground_truth/IMG_20190305_160447_small.jpg 40,74,103,105,0 60,250,120,283,0 77,123,129,240,1 135,132,181,241,1 200,251,259,284,0 195,125,235,239,1 258,124,307,243,1 235,128,258,225,1 40,0,147,72,1 160,75,219,106,0 173,0,241,48,1 242,0,317,48,1 9,123,66,240,1
/home/d-vasilev/ground_truth/IMG_20190305_170158_small.jpg 16,117,88,239,1 100,257,157,290,0 88,136,160,242,1 161,137,232,235,1 268,258,327,291,0 232,137,311,252,1 306,139,375,244,1
/home/d-vasilev/ground_truth/IMG_20190305_165951_small.jpg 78,16,156,57,0 83,237,152,275,0 58,115,126,210,1 120,114,188,219,1 197,236,267,274,0 188,141,300,224,1 307,234,378,273,0 300,101,400,229,1
/home/d-vasilev/ground_truth/IMG_20190305_160506_small.jpg 2,204,75,242,0 16,83,55,198,1 55,85,84,196,1 84,204,157,242,0 84,70,130,197,1 130,70,177,197,1 190,203,262,241,0 176,71,222,197,1 222,73,264,195,1 292,203,365,241,0 267,73,313,195,1 313,71,350,197,1
/home/d-vasilev/ground_truth/IMG_20190305_165954_small.jpg 0,102,85,234,1 76,136,155,230,1 157,240,227,280,0 158,134,264,246,1 201,103,313,219,1 210,13,290,54,0
/home/d-vasilev/ground_truth/IMG_20190305_160334_small.jpg 0,177,62,209,0 5,71,62,171,1 59,72,109,169,1 115,178,176,209,0 109,92,162,170,1 163,94,214,171,1 227,178,286,210,0 219,57,254,153,1 255,58,289,153,1 320,180,380,210,0 306,59,342,153,1 343,60,377,153,1
/home/d-vasilev/ground_truth/IMG_20190305_161115_small.jpg 87,14,150,43,0 182,15,244,45,0 274,16,335,47,0 363,19,400,47,0 266,238,329,271,0 252,168,296,207,1 296,168,341,210,1 339,169,384,208,1 102,238,165,272,0 119,136,172,229,1 177,136,230,229,1
/home/d-vasilev/ground_truth/IMG_20190305_160229_small.jpg 116,252,151,298,1 151,253,186,297,1 188,247,221,293,1 222,250,256,296,1 258,249,291,293,1 292,250,327,293,1 329,250,365,293,1 364,250,398,293,1 114,62,161,125,1 162,64,206,124,1 132,129,189,156,0 210,62,255,125,1 255,62,303,125,1 222,128,279,156,0 302,78,348,124,1 303,33,351,80,1 349,32,399,79,1 347,79,395,124,1 327,128,385,156,0
/home/d-vasilev/ground_truth/IMG_20190305_165941_small.jpg 47,205,115,240,0 65,74,106,176,1 153,203,219,239,0 191,74,229,174,1 161,84,190,144,1 279,236,344,270,0 276,126,331,230,1 0,115,58,197,1 282,41,351,78,0 359,40,400,77,0
/home/d-vasilev/ground_truth/IMG_20190305_161108_small.jpg 79,207,145,241,0 44,88,134,192,1 136,91,213,189,1 246,208,305,240,0 218,101,291,189,1 296,75,379,197,1
/home/d-vasilev/ground_truth/IMG_20190305_160236_small.jpg 82,165,128,212,1 128,167,171,211,1 175,165,215,210,1 216,167,258,211,1 260,165,302,210,1 302,167,347,211,1 347,168,394,211,1 80,228,147,264,0 182,228,248,265,0 280,228,344,263,0
/home/d-vasilev/ground_truth/IMG_20190305_160410_small.jpg 365,98,400,211,1 65,225,134,260,0 67,104,106,216,1 107,105,141,216,1 141,223,207,259,0 141,106,174,217,1 175,107,204,213,1 217,223,281,258,0 203,94,247,214,1 245,96,290,215,1 309,223,371,257,0 288,96,334,215,1 329,97,367,211,1
/home/d-vasilev/ground_truth/IMG_20190305_160431_small.jpg 16,63,104,193,1 113,203,170,234,0 104,87,179,191,1 177,89,255,194,1 278,204,335,234,0 253,88,328,193,1 328,91,385,190,1
/home/d-vasilev/ground_truth/IMG_20190305_160916_small.jpg 24,87,71,209,1 0,84,22,211,1 66,218,139,257,0 72,88,118,210,1 118,87,147,212,1 147,95,163,204,1 176,219,246,257,0 161,51,285,214,1 309,220,379,258,0 307,0,400,186,1
/home/d-vasilev/ground_truth/IMG_20190305_160535_small.jpg 12,255,71,284,0 9,127,61,242,1 61,132,120,246,1 122,255,180,286,0 118,170,258,244,1 254,255,312,287,0 257,141,304,243,1 315,256,374,287,0 316,142,362,245,1 361,87,400,245,1
/home/d-vasilev/ground_truth/IMG_20190305_170126_small.jpg 30,114,94,243,1 69,258,138,295,0 59,170,230,267,1 223,258,291,295,0 218,146,271,258,1 294,257,362,295,0 285,135,339,240,1 366,257,400,295,0 337,64,400,245,1
/home/d-vasilev/ground_truth/IMG_20190305_160833_small.jpg 0,71,61,216,1 60,76,150,218,1 0,225,33,262,0 172,225,241,263,0 151,85,241,210,1 242,85,325,207,1 335,44,391,147,1 227,4,303,44,0
/home/d-vasilev/ground_truth/IMG_20190305_161103_small.jpg 291,238,358,274,0 258,107,344,223,1 338,109,400,227,1 96,237,161,273,0 174,83,260,224,1 110,120,174,216,1 27,113,107,215,1
/home/d-vasilev/ground_truth/IMG_20190305_165947_small.jpg 39,95,107,229,1 15,103,45,175,1 0,169,46,241,1 102,237,168,274,0 103,98,144,200,1 118,163,176,231,1 175,98,232,225,1 259,236,326,273,0 232,92,288,215,1 286,127,400,184,1 284,171,400,225,1 210,29,284,69,0 69,32,142,70,0
/home/d-vasilev/ground_truth/IMG_20190305_160228_small.jpg 120,62,165,125,1 167,64,210,125,1 137,129,194,156,0 214,62,260,126,1 260,62,307,126,1 227,128,284,157,0 307,79,353,125,1 351,79,400,125,1 332,129,390,156,0 308,33,356,80,1 354,32,400,79,1 119,252,155,298,1 156,253,189,297,1 193,247,225,293,1 226,250,260,297,1 262,249,296,295,1 296,251,332,295,1 334,251,370,295,1 369,251,400,295,1
/home/d-vasilev/ground_truth/IMG_20190305_160846_small.jpg 0,221,69,264,0 16,56,113,214,1 113,61,192,212,1 213,221,290,264,0 223,59,332,215,1
/home/d-vasilev/ground_truth/IMG_20190305_160856_small.jpg 72,64,152,211,1 0,59,74,213,1 165,218,242,261,0 181,62,283,212,1
/home/d-vasilev/ground_truth/IMG_20190305_160830_small.jpg 63,0,143,33,0 65,216,135,253,0 64,90,155,210,1 180,216,249,254,0 172,94,250,207,1 290,218,359,254,0 260,65,363,211,1 359,72,400,210,1
/home/d-vasilev/ground_truth/IMG_20190305_160557_small.jpg 0,64,70,209,1 66,217,129,250,0 67,74,162,208,1 161,65,254,205,1 248,69,318,197,1 339,212,400,245,0 317,58,400,204,1 270,13,345,50,0 120,13,191,51,0 0,14,48,53,0
/home/d-vasilev/ground_truth/IMG_20190305_165944_small.jpg 47,40,114,77,0 124,39,193,75,0 225,37,297,73,0 328,35,400,71,0 276,236,343,271,0 252,104,294,170,1 304,100,341,173,1 338,96,397,227,1 259,168,374,238,1 110,235,172,269,0 116,97,176,226,1 175,97,231,227,1 0,234,56,268,0 11,125,71,228,1
/home/d-vasilev/ground_truth/IMG_20190305_160609_small.jpg 10,215,88,252,0 13,86,78,208,1 79,87,140,206,1 153,215,221,252,0 140,87,203,209,1 209,88,273,209,1 291,216,360,252,0 271,87,332,209,1 332,84,395,210,1 299,46,373,82,0 259,0,341,44,1 339,0,399,44,1 198,45,271,81,0 184,0,260,43,1 101,44,174,80,0 113,0,183,42,1 0,43,66,79,0 12,0,62,41,1 60,0,110,41,1 105,252,194,300,1 194,252,278,299,1 284,252,371,300,1 37,252,104,300,1
/home/d-vasilev/ground_truth/IMG_20190305_160816_small.jpg 20,32,49,138,1 101,206,169,242,0 91,90,148,200,1 151,92,204,199,1 228,207,295,244,0 219,61,271,198,1 284,61,353,199,1 92,0,165,34,0 174,0,248,33,0 260,0,334,33,0
/home/d-vasilev/ground_truth/IMG_20190305_170145_small.jpg 56,250,113,279,0 64,131,159,253,1 142,113,216,237,1 45,73,108,105,0 52,0,121,72,1 113,0,161,73,1 178,75,237,107,0 161,0,209,74,1 213,0,270,74,1 294,77,352,108,0 270,0,319,76,1 319,0,376,76,1 231,246,285,277,0 212,121,290,241,1 290,116,371,245,1
/home/d-vasilev/ground_truth/IMG_20190305_160914_small.jpg 69,215,141,253,0 75,85,121,207,1 121,85,150,209,1 150,94,165,202,1 29,85,74,206,1 0,82,25,207,1 178,216,248,255,0 165,51,286,212,1 311,218,380,257,0 311,0,400,185,1
/home/d-vasilev/ground_truth/IMG_20190305_160946_small.jpg 63,1,130,24,0 185,0,251,22,0 0,226,53,260,0 0,170,43,208,1 39,170,84,209,1 90,225,153,260,0 94,165,139,191,1 95,189,140,204,1 140,164,183,191,1 139,189,176,204,1 196,224,258,258,0 183,191,226,218,1 226,191,272,219,1 226,165,271,193,1 182,166,226,194,1 296,224,361,258,0 271,163,316,191,1 317,163,365,190,1 283,187,318,205,1 317,189,365,204,1 289,0,358,20,0
/home/d-vasilev/ground_truth/IMG_20190305_160807_small.jpg 0,158,50,191,0 0,84,51,154,1 48,84,104,154,1 103,160,168,193,0 104,102,153,154,1 152,103,201,155,1 151,50,202,103,1 102,51,152,103,1 209,161,273,194,0 203,52,254,155,1 253,52,304,156,1 330,162,398,195,0 302,72,362,156,1 363,73,400,156,1
/home/d-vasilev/ground_truth/IMG_20190305_160317_small.jpg 32,211,99,248,0 37,148,85,193,1 85,149,128,193,1 135,210,202,247,0 130,148,174,192,1 175,149,218,192,1 244,212,310,248,0 227,144,274,173,1 276,144,326,175,1 232,174,274,189,1 276,175,326,189,1 355,212,400,247,0 326,147,377,179,1 329,179,376,205,1 378,147,400,178,1 376,179,400,205,1
/home/d-vasilev/ground_truth/IMG_20190305_160905_small.jpg 41,226,119,267,0 42,18,180,220,1 209,27,333,220,1 333,42,400,217,1
/home/d-vasilev/ground_truth/IMG_20190305_160541_small.jpg 108,69,174,103,0 108,0,256,71,1 0,68,50,103,0 0,0,46,66,1 44,0,108,67,1 253,72,318,106,0 256,0,301,71,1 319,73,385,107,0 314,0,367,73,1 366,0,400,73,1 92,222,155,257,0 101,104,157,216,1 157,105,212,216,1 227,224,289,259,0 212,105,265,215,1 273,108,334,219,1 350,226,400,259,0 334,108,387,220,1 90,259,184,299,1 184,257,273,300,1 273,259,351,300,1 350,259,400,300,1
/home/d-vasilev/ground_truth/IMG_20190305_160314_small.jpg 14,265,50,300,1 71,271,105,300,1 105,273,139,300,1 146,270,179,300,1 99,197,159,231,0 102,137,146,162,1 147,137,190,164,1 103,162,147,177,1 147,161,180,177,1 4,196,63,229,0 12,142,50,180,1 50,142,92,180,1 201,198,264,233,0 189,139,233,167,1 189,164,234,192,1 234,139,280,168,1 234,163,280,194,1 303,200,371,235,0 280,137,329,165,1 329,136,381,166,1 290,164,329,180,1 328,161,379,181,1 201,262,233,300,1 266,268,301,300,1
/home/d-vasilev/ground_truth/IMG_20190305_170202_small.jpg 348,260,400,292,0 302,145,383,255,1 190,262,244,292,0 161,147,231,247,1 231,144,302,240,1 27,263,82,293,0 52,142,105,246,1 96,131,159,245,1 27,149,78,222,1 0,150,39,236,1
/home/d-vasilev/ground_truth/IMG_20190305_160504_small.jpg 3,199,77,237,0 17,76,55,193,1 56,80,85,191,1 86,198,159,236,0 85,65,132,192,1 132,65,178,192,1 192,198,263,236,0 178,65,224,192,1 223,68,265,190,1 293,198,366,236,0 269,68,315,191,1 314,66,352,193,1
/home/d-vasilev/ground_truth/IMG_20190305_170123_small.jpg 0,85,88,253,1 90,263,155,298,0 83,130,145,238,1 141,169,196,248,1 161,120,204,170,1 221,263,287,297,0 196,125,261,246,1 260,118,307,245,1 349,261,400,297,0 335,167,400,255,1
/home/d-vasilev/ground_truth/IMG_20190305_160328_small.jpg 0,221,51,254,0 0,148,51,215,1 51,148,101,215,1 102,221,164,254,0 103,164,149,214,1 149,166,194,216,1 104,121,150,166,1 150,122,195,168,1 202,222,261,254,0 196,123,241,214,1 242,124,285,215,1 311,223,371,254,0 285,142,336,217,1 336,143,386,217,1
/home/d-vasilev/ground_truth/IMG_20190305_160308_small.jpg 0,147,27,182,1 40,148,90,208,1 105,147,151,205,1 159,146,208,206,1 11,217,78,253,0 234,217,304,253,0 234,145,281,183,1 281,145,332,186,1 332,145,382,185,1
/home/d-vasilev/ground_truth/IMG_20190305_160300_small.jpg 22,145,74,184,1 74,145,96,179,1 0,145,24,188,1 96,148,143,210,1 160,148,206,206,1 213,148,260,208,1 77,219,146,255,0 300,219,367,255,0 265,148,287,179,1 287,150,334,187,1 334,150,382,190,1 381,152,400,190,1 140,147,162,195,1
/home/d-vasilev/ground_truth/IMG_20190305_165937_small.jpg 5,219,73,255,0 13,109,67,161,1 17,160,71,211,1 68,158,118,210,1 112,218,178,255,0 115,106,170,211,1 168,106,218,208,1 237,217,308,256,0 218,125,274,207,1 273,122,334,209,1 349,80,393,186,1
/home/d-vasilev/ground_truth/IMG_20190305_170039_small.jpg 0,253,66,291,0 54,94,115,167,1 61,164,118,239,1 125,252,194,291,0 118,131,172,189,1 119,187,173,242,1 174,178,226,241,1 238,252,309,291,0 226,131,280,242,1 278,129,332,239,1 332,147,389,238,1
/home/d-vasilev/ground_truth/IMG_20190305_160412_small.jpg 0,40,36,149,1 90,210,153,242,0 73,98,133,204,1 133,98,185,200,1 207,210,266,241,0 198,70,249,198,1 261,71,328,198,1 362,208,399,240,0 328,71,399,199,1 344,14,400,54,0 237,11,310,52,0 152,10,227,52,0 67,9,144,51,0
/home/d-vasilev/ground_truth/IMG_20190305_170100_small.jpg 177,250,246,289,0 221,165,265,218,1 270,171,325,220,1 198,161,221,211,1 34,170,86,236,1 90,170,141,240,1 135,161,171,212,1 0,160,32,200,1 77,0,147,35,0 196,0,269,33,0 313,0,391,28,0
/home/d-vasilev/ground_truth/IMG_20190305_160811_small.jpg 38,58,89,160,1 0,59,39,159,1 89,165,155,198,0 87,77,144,160,1 143,77,197,160,1 209,165,273,198,0 202,38,238,138,1 239,38,276,138,1 311,164,379,198,0 294,38,332,136,1 332,38,370,136,1
/home/d-vasilev/ground_truth/IMG_20190305_160355_small.jpg 54,230,120,264,0 47,60,144,214,1 118,49,217,220,1 241,229,305,263,0 212,46,330,218,1 323,68,399,216,1
/home/d-vasilev/ground_truth/IMG_20190305_170008_small.jpg 186,147,258,184,0 208,48,307,144,1 0,147,55,184,0 32,204,125,300,1 0,231,56,299,1 151,218,315,275,1 206,184,255,249,1 248,183,290,239,1 288,183,330,276,1
/home/d-vasilev/ground_truth/IMG_20190305_170047_small.jpg 49,242,121,283,0 46,172,89,221,1 70,178,115,219,1 160,240,232,281,0 200,172,242,218,1 267,238,340,279,0 305,171,353,219,1 261,169,303,218,1 156,175,200,220,1
/home/d-vasilev/ground_truth/IMG_20190305_170032_small.jpg 99,219,162,254,0 104,112,137,214,1 138,113,170,212,1 169,219,232,253,0 198,113,228,211,1 175,121,198,179,1 241,218,306,253,0 236,98,264,214,1 275,96,311,213,1 333,217,400,252,0 344,97,390,211,1
/home/d-vasilev/ground_truth/IMG_20190305_165932_small.jpg 84,200,150,234,0 76,128,127,194,1 130,128,178,192,1 186,200,248,233,0 215,62,265,130,1 220,128,267,192,1 302,200,367,233,0 275,144,324,193,1 324,142,375,193,1 275,96,326,145,1
/home/d-vasilev/ground_truth/IMG_20190305_170028_small.jpg 313,219,380,253,0 275,134,400,218,1 217,219,281,254,0 233,100,267,214,1 125,219,188,254,0 164,100,197,214,1 120,101,156,214,1 33,220,98,254,0 74,108,95,207,1 93,100,118,215,1 51,100,76,215,1 210,101,233,213,1 18,115,51,212,1
/home/d-vasilev/ground_truth/IMG_20190305_160457_small.jpg 71,246,145,286,0 73,86,136,233,1 161,86,212,233,1 136,93,160,216,1 213,93,235,215,1 263,245,337,285,0 241,91,303,234,1 320,88,395,232,1 0,117,67,237,1 0,17,78,58,0 90,17,170,58,0 208,19,287,59,0 323,20,400,61,0
/home/d-vasilev/ground_truth/IMG_20190305_161014_small.jpg 89,241,156,277,0 100,59,144,232,1 143,54,188,233,1 0,120,50,230,1 17,240,86,277,0 50,122,102,232,1 188,241,254,278,0 188,58,231,234,1 230,58,275,234,1 286,241,353,278,0 274,110,342,231,1 372,242,400,278,0 335,117,400,235,1
/home/d-vasilev/ground_truth/IMG_20190305_165958_small.jpg 0,151,66,255,1 38,114,139,227,1 0,33,59,73,0 199,27,277,67,0 162,251,231,288,0 156,109,335,168,1 263,65,324,131,1 314,65,354,167,1
/home/d-vasilev/ground_truth/IMG_20190305_160257_small.jpg 296,0,360,27,0 195,0,262,23,0 7,120,73,221,1 87,229,156,265,0 96,155,144,198,1 143,156,190,198,1 190,155,235,198,1 265,227,331,261,0 254,157,300,217,1 308,156,355,214,1 361,156,400,215,1
/home/d-vasilev/ground_truth/IMG_20190305_160420_small.jpg 140,234,196,263,0 89,92,178,208,1 180,90,261,200,1 288,235,344,264,0 261,93,339,201,1 332,76,395,167,1 339,93,400,217,1
/home/d-vasilev/ground_truth/IMG_20190305_161035_small.jpg 281,32,356,106,1 215,26,285,106,1 247,107,306,135,0 168,107,225,135,0 156,18,223,105,1 90,106,150,136,0 102,15,160,105,1 0,106,62,135,0 18,0,59,104,1 58,0,99,104,1 10,246,77,279,0 14,136,70,241,1 70,136,122,239,1 131,244,189,277,0 121,136,175,240,1 178,137,230,239,1 246,243,303,275,0 231,136,283,238,1 280,135,332,238,1
/home/d-vasilev/ground_truth/IMG_20190305_160510_small.jpg 1,78,44,193,1 33,201,102,237,0 44,78,87,194,1 87,77,113,196,1 113,86,128,190,1 135,202,203,239,0 126,43,246,198,1 265,204,332,241,0 261,0,382,173,1 6,238,67,300,1 87,239,138,300,1 162,239,207,300,1 226,241,273,300,1 286,241,334,299,1 351,242,400,300,1
/home/d-vasilev/ground_truth/IMG_20190305_160545_small.jpg 6,82,54,115,0 0,0,45,77,1 44,0,105,80,1 110,82,171,116,0 103,0,252,83,1 247,85,306,117,0 252,0,298,84,1 309,85,368,118,0 310,0,357,84,1 102,220,157,249,0 104,114,157,212,1 157,116,207,212,1 220,219,274,249,0 207,116,255,209,1 263,117,318,214,1 327,220,379,248,0 316,117,369,214,1 366,118,400,214,1 43,238,79,300,1 258,249,327,300,1 326,248,399,300,1 102,250,180,300,1 181,248,258,300,1 0,244,43,300,1 13,211,65,243,1 357,0,398,86,1
/home/d-vasilev/ground_truth/IMG_20190305_161011_small.jpg 57,106,85,221,1 0,106,27,219,1 82,229,148,265,0 85,141,234,222,1 230,230,296,266,0 234,112,284,221,1 298,231,366,267,0 295,114,352,223,1 346,50,395,223,1
/home/d-vasilev/ground_truth/IMG_20190305_170138_small.jpg 0,105,48,137,0 0,36,70,103,1 47,104,111,136,0 73,13,123,102,1 114,103,177,135,0 124,0,164,102,1 153,55,211,101,1 208,101,272,134,0 213,0,255,101,1 253,0,281,100,1 302,100,369,133,0 271,5,389,100,1 345,252,400,288,0 368,134,400,246,1 299,133,363,245,1 219,253,288,288,0 196,135,250,243,1 249,134,299,242,1 88,253,150,287,0 95,136,147,239,1 146,135,196,244,1 47,137,92,243,1 0,253,30,287,0 0,137,47,237,1
/home/d-vasilev/ground_truth/IMG_20190305_161018_small.jpg 27,48,78,233,1 0,50,29,233,1 61,242,132,281,0 78,107,149,232,1 153,243,222,282,0 145,112,227,235,1 250,243,320,282,0 208,120,297,228,1 292,129,387,240,1
/home/d-vasilev/ground_truth/IMG_20190305_170142_small.jpg 181,244,242,279,0 167,129,220,229,1 218,128,277,235,1 48,244,111,278,0 58,128,126,245,1 121,128,168,229,1 302,245,363,279,0 277,129,329,231,1 328,130,389,238,1 335,98,399,130,0 313,0,359,97,1 270,97,333,129,0 266,7,313,96,1 206,96,267,128,0 196,27,250,95,1 62,94,127,127,0 56,39,213,93,1
/home/d-vasilev/ground_truth/IMG_20190305_170104_small.jpg 8,173,58,220,1 55,170,93,212,1 93,167,114,203,1 93,249,158,285,0 153,175,197,237,1 211,175,256,240,1 307,248,373,284,0 286,170,318,212,1 318,173,363,219,1 376,177,400,219,1 18,18,86,48,0 120,19,185,50,0 225,18,289,52,0 331,20,397,52,0
/home/d-vasilev/ground_truth/IMG_20190305_161059_small.jpg 0,94,64,224,1 64,239,127,274,0 65,117,142,226,1 142,121,222,230,1 243,244,303,278,0 222,121,298,232,1 298,126,361,229,1
/home/d-vasilev/ground_truth/IMG_20190305_160350_small.jpg 98,229,158,261,0 63,111,148,211,1 150,111,223,207,1 254,229,312,261,0 224,120,299,207,1 301,88,384,216,1
/home/d-vasilev/ground_truth/IMG_20190305_161123_small.jpg 0,179,40,241,1 55,178,101,238,1 106,179,152,239,1 169,252,232,288,0 179,179,222,220,1 222,179,267,222,1 266,179,313,221,1 290,23,357,54,0 189,24,252,56,0 222,1,267,22,1 176,1,221,23,1 83,26,147,56,0
/home/d-vasilev/ground_truth/IMG_20190305_160402_small.jpg 16,83,45,178,1 0,82,16,178,1 89,238,151,271,0 81,133,133,233,1 135,134,183,230,1 204,238,263,270,0 196,108,241,228,1 258,108,311,228,1 356,237,400,270,0 323,111,384,229,1 84,55,148,89,0 88,0,122,52,1 123,0,155,53,1 155,56,218,89,0 155,0,187,53,1 187,0,215,54,1 228,56,291,89,0 215,0,256,54,1 256,0,297,54,1 319,58,383,89,0 296,0,339,55,1 337,0,373,55,1
/home/d-vasilev/ground_truth/IMG_20190305_160938_small.jpg 131,189,188,220,0 129,140,168,175,1 169,141,206,175,1 219,189,277,220,0 208,141,244,174,1 245,141,283,174,1 305,189,363,220,0 284,140,323,174,1 323,140,363,174,1 364,140,400,174,1
/home/d-vasilev/ground_truth/IMG_20190305_160703_small.jpg 0,0,91,46,1 83,46,136,73,0 91,0,161,44,1 159,0,217,42,1 234,40,290,69,0 242,0,322,39,1 58,201,107,228,0 52,100,126,191,1 125,99,184,190,1 204,202,254,229,0 180,70,217,143,1 217,69,255,142,1 251,68,291,142,1 290,68,330,142,1
/home/d-vasilev/ground_truth/IMG_20190305_170012_small.jpg 193,161,263,198,0 194,0,267,132,1 343,76,400,126,1 152,241,250,300,1 190,216,294,300,1 0,0,107,161,1
/home/d-vasilev/ground_truth/IMG_20190305_160320_small.jpg 0,218,63,259,0 3,146,50,197,1 49,148,97,197,1 100,216,176,257,0 100,146,148,195,1 148,147,195,195,1 213,215,286,255,0 201,147,247,196,1 248,148,296,195,1 323,215,394,253,0 297,147,343,196,1 343,148,394,194,1
/home/d-vasilev/ground_truth/IMG_20190305_161048_small.jpg 0,90,39,120,0 0,0,45,88,1 35,0,93,90,1 88,93,147,123,0 91,26,223,97,1 216,98,272,128,0 223,14,266,99,1 275,100,332,130,0 275,18,321,101,1 333,103,392,132,0 317,0,356,102,1 356,0,395,103,1 67,228,126,261,0 78,123,131,224,1 131,124,181,225,1 190,232,247,266,0 181,126,230,226,1 239,130,290,231,1 303,236,360,270,0 290,129,340,233,1 339,131,392,234,1
/home/d-vasilev/ground_truth/IMG_20190305_161005_small.jpg 39,55,137,213,1 0,68,55,209,1 0,219,34,253,0 138,220,200,255,0 137,100,191,207,1 191,100,245,211,1 264,222,327,256,0 249,99,311,210,1 308,96,346,216,1
/home/d-vasilev/ground_truth/IMG_20190305_170212_small.jpg 100,240,158,273,0 74,125,158,230,1 142,125,198,212,1 252,236,312,269,0 225,111,298,220,1 289,97,341,219,1 346,116,400,215,1
/home/d-vasilev/ground_truth/IMG_20190305_170016_small.jpg 32,178,107,216,0 54,0,139,177,1 137,0,201,170,1 202,0,278,171,1 284,0,354,173,1 260,229,346,300,1 219,213,280,296,1 155,232,214,286,1 20,234,89,300,1 84,238,145,300,1
/home/d-vasilev/ground_truth/IMG_20190305_170131_small.jpg 275,258,343,296,0 249,135,316,256,1 304,145,390,254,1 181,258,248,296,0 165,140,249,265,1 94,257,159,294,0 90,134,210,257,1 0,257,62,293,0 12,70,75,246,1 63,73,115,237,1
/home/d-vasilev/ground_truth/IMG_20190305_161118_small.jpg 0,141,43,233,1 38,141,80,216,1 44,243,108,278,0 62,173,106,215,1 104,173,149,215,1 148,173,193,216,1 212,246,273,280,0 211,176,254,236,1 265,175,310,234,1 319,176,367,236,1 54,23,117,53,0 147,25,208,53,0 241,26,303,57,0 340,27,400,58,0 63,0,102,14,1 102,0,131,14,1 148,0,185,15,1 186,0,224,15,1 232,0,266,15,1 268,0,308,15,1 314,0,355,10,1 356,0,400,13,1
/home/d-vasilev/ground_truth/IMG_20190305_160716_small.jpg 104,190,162,222,0 102,82,178,186,1 200,192,260,225,0 192,85,262,185,1 296,194,357,226,0 271,61,361,189,1 360,62,400,189,1 0,57,58,181,1 104,0,171,33,0
/home/d-vasilev/ground_truth/IMG_20190305_170215_small.jpg 356,81,400,192,1 92,227,151,260,0 57,91,154,213,1 130,87,198,188,1 251,224,312,257,0 224,78,308,202,1 290,61,357,199,1
/home/d-vasilev/ground_truth/IMG_20190305_160406_small.jpg 57,238,130,275,0 66,114,104,230,1 106,115,140,228,1 138,236,209,275,0 141,116,174,230,1 175,118,204,227,1 219,235,288,274,0 204,105,248,228,1 248,106,292,228,1 316,235,385,273,0 292,106,335,229,1 333,109,369,226,1 371,109,400,226,1
/home/d-vasilev/ground_truth/IMG_20190305_160526_small.jpg 97,225,161,259,0 91,47,208,220,1 229,52,336,217,1 336,58,400,211,1 0,10,46,199,1
/home/d-vasilev/ground_truth/IMG_20190305_160559_small.jpg 0,17,51,54,0 123,17,194,54,0 273,17,348,54,0 342,218,400,251,0 319,63,400,211,1 67,220,130,253,0 69,77,164,211,1 163,72,260,209,1 251,73,319,202,1 0,65,68,211,1
/home/d-vasilev/ground_truth/IMG_20190305_160349_small.jpg 97,228,158,260,0 64,111,147,211,1 150,111,222,207,1 253,228,310,259,0 223,120,298,207,1 300,89,380,216,1
/home/d-vasilev/ground_truth/IMG_20190305_160653_small.jpg 26,266,89,299,0 23,133,112,249,1 112,131,188,249,1 63,74,132,110,0 76,0,162,74,1 162,0,231,75,1 256,77,324,112,0 262,0,364,76,1 231,0,262,75,1 211,270,273,300,0 186,111,227,195,1 228,113,270,197,1 271,113,318,200,1 319,113,361,201,1
/home/d-vasilev/ground_truth/IMG_20190305_170206_small.jpg 2,258,55,287,0 19,114,72,233,1 71,102,136,232,1 170,256,225,286,0 137,121,216,236,1 216,120,290,223,1 336,255,394,287,0 291,122,389,249,1
/home/d-vasilev/ground_truth/IMG_20190305_160251_small.jpg 252,158,296,203,1 295,158,339,207,1 338,158,380,206,1 264,233,318,263,0 122,124,175,221,1 180,125,233,221,1 112,232,170,262,0 241,139,274,184,1 79,2,152,43,0 190,7,261,48,0 294,12,362,52,0
/home/d-vasilev/ground_truth/IMG_20190305_170129_small.jpg 13,258,83,297,0 42,135,95,239,1 88,255,157,295,0 87,62,149,244,1 133,171,192,254,1 190,253,259,292,0 193,59,242,243,1 240,63,271,227,1 291,251,359,289,0 271,125,379,248,1
/home/d-vasilev/ground_truth/IMG_20190305_170053_small.jpg 123,167,168,198,1 125,193,169,217,1 181,174,207,216,1 101,242,172,281,0 0,242,61,281,0 37,181,93,221,1 221,244,295,286,0 225,200,278,242,1 260,176,294,225,1 339,245,400,287,0 304,149,363,202,1 361,170,400,205,1 362,200,400,222,1 314,198,363,223,1
/home/d-vasilev/ground_truth/IMG_20190305_160820_small.jpg 5,58,83,205,1 106,215,178,253,0 101,64,161,205,1 195,59,248,204,1 167,71,196,187,1 282,214,354,253,0 269,59,332,203,1 332,68,399,203,1 273,0,352,29,0 148,0,228,28,0 28,0,110,27,0
/home/d-vasilev/ground_truth/IMG_20190305_170109_small.jpg 207,245,276,283,0 203,166,250,211,1 251,165,299,213,1 343,163,386,214,1 22,247,94,285,0 58,131,124,239,1 124,134,158,225,1 157,133,187,214,1 2,0,73,28,0 109,0,179,27,0 214,0,282,30,0 315,0,387,29,0
/home/d-vasilev/ground_truth/IMG_20190305_160532_small.jpg 111,46,176,79,0 104,0,224,46,1 246,0,363,48,1 0,99,61,220,1 106,229,165,261,0 105,123,179,224,1 203,229,261,260,0 193,123,260,221,1 295,229,352,260,0 268,100,356,224,1 352,100,400,222,1
/home/d-vasilev/ground_truth/IMG_20190305_170050_small.jpg 20,174,67,222,1 0,176,21,219,1 50,240,123,279,0 83,171,125,221,1 121,171,168,220,1 159,238,232,279,0 178,166,216,206,1 271,237,348,279,0 282,174,348,214,1 353,161,400,191,1
/home/d-vasilev/ground_truth/IMG_20190305_160650_small.jpg 18,63,74,246,1 67,63,119,246,1 11,255,79,293,0 111,257,179,294,0 119,116,188,244,1 200,258,268,296,0 187,123,265,249,1 295,259,363,296,0 262,138,337,238,1 334,139,400,250,1
/home/d-vasilev/ground_truth/IMG_20190305_160248_small.jpg 108,208,171,243,0 122,103,178,199,1 183,104,237,199,1 273,210,335,244,0 260,137,306,180,1 305,138,352,183,1 351,139,396,182,1
/home/d-vasilev/ground_truth/IMG_20190305_160439_small.jpg 171,233,231,267,0 334,235,394,267,0 0,232,31,264,0 0,67,70,222,1 70,85,162,219,1 131,78,241,221,1 232,72,319,225,1 310,110,371,221,1 370,111,400,225,1
/home/d-vasilev/ground_truth/IMG_20190305_160244_small.jpg 90,145,145,224,1 146,144,196,220,1 109,236,175,272,0 212,236,276,272,0 200,147,252,228,1 253,147,309,227,1 332,237,395,272,0 309,118,367,177,1 307,174,361,225,1 365,118,400,179,1 356,170,400,228,1
/home/d-vasilev/ground_truth/IMG_20190305_160302_small.jpg 27,148,80,185,1 0,147,28,189,1 78,147,100,181,1 100,149,146,211,1 163,150,207,208,1 216,149,263,209,1 82,221,150,256,0 303,222,370,257,0 267,149,290,181,1 290,152,337,188,1 337,153,386,193,1 330,0,397,19,0 222,0,286,17,0
/home/d-vasilev/ground_truth/IMG_20190305_170152_small.jpg 6,103,87,219,1 79,239,147,276,0 100,85,176,234,1 172,141,242,235,1 236,158,332,239,1 269,47,333,83,0 133,40,201,77,0 0,33,70,71,0
/home/d-vasilev/ground_truth/IMG_20190305_160435_small.jpg 56,209,121,245,0 32,55,141,200,1 124,42,228,204,1 230,212,294,248,0 220,77,275,201,1 275,83,334,204,1 357,215,400,249,0 333,80,400,205,1 0,68,64,199,1
/home/d-vasilev/ground_truth/IMG_20190305_170024_small.jpg 56,234,120,267,0 41,152,166,234,1 176,235,237,268,0 174,33,261,203,1 261,32,365,204,1 2,118,48,229,1
/home/d-vasilev/ground_truth/IMG_20190305_170116_small.jpg 59,263,123,298,0 66,114,164,243,1 165,94,210,255,1 238,263,300,297,0 235,97,274,251,1 276,111,378,257,1 198,102,273,219,1 52,0,123,16,0 184,0,253,18,0 355,101,400,226,1
/home/d-vasilev/ground_truth/IMG_20190305_170042_small.jpg 111,250,180,289,0 95,160,150,240,1 153,159,205,236,1 220,248,289,287,0 252,161,305,234,1 246,92,301,164,1 345,246,400,285,0 313,129,370,185,1 310,181,367,237,1 364,180,400,236,1
/home/d-vasilev/ground_truth/IMG_20190305_160950_small.jpg 65,227,131,262,0 76,81,154,217,1 134,64,221,219,1 249,225,313,260,0 217,59,324,218,1 321,79,400,215,1
/home/d-vasilev/ground_truth/IMG_20190305_160442_small.jpg 14,226,73,259,0 176,226,238,259,0 299,227,362,259,0 281,101,345,215,1 342,100,388,219,1 170,90,225,211,1 223,95,281,216,1 66,62,180,217,1 0,70,92,215,1
/home/d-vasilev/ground_truth/IMG_20190305_160911_small.jpg 135,212,208,252,0 134,0,241,176,1 241,0,350,175,1 0,212,68,252,0 0,31,125,206,1
/home/d-vasilev/ground_truth/IMG_20190305_160428_small.jpg 16,205,63,230,0 17,85,82,177,1 52,77,148,190,1 160,206,208,231,0 140,94,214,188,1 210,90,286,194,1 305,208,356,234,0 286,92,365,192,1 359,88,400,185,1
/home/d-vasilev/ground_truth/IMG_20190305_160942_small.jpg 158,213,215,244,0 156,162,193,197,1 194,162,231,197,1 0,213,44,245,0 5,162,37,198,1 37,163,77,198,1 70,213,129,244,0 77,162,114,197,1 114,162,152,197,1 247,213,307,244,0 232,162,269,197,1 271,162,310,196,1 341,213,400,244,0 313,158,357,181,1 357,157,400,182,1 2,3,66,27,0 116,3,176,26,0 215,2,275,26,0 326,1,391,25,0
/home/d-vasilev/ground_truth/IMG_20190305_160803_small.jpg 212,144,274,175,0 200,73,248,140,1 249,72,299,140,1 114,145,176,176,0 98,74,148,141,1 149,75,196,140,1 325,143,388,174,0 298,89,349,139,1 299,40,350,90,1 350,38,400,89,1 346,89,398,139,1
/home/d-vasilev/ground_truth/IMG_20190305_160644_small.jpg 126,230,190,265,0 120,70,213,222,1 211,83,299,218,1 296,76,396,220,1 21,22,102,61,0 172,23,243,62,0 317,25,385,63,0 49,77,127,210,1 0,82,56,222,1
/home/d-vasilev/ground_truth/IMG_20190305_160240_small.jpg 320,183,360,230,1 356,183,399,230,1 76,15,155,57,0 199,20,274,61,0 339,26,400,65,0 75,246,134,275,0 72,180,116,229,1 116,182,156,229,1 160,175,197,225,1 197,180,237,229,1 165,246,223,277,0 251,246,307,275,0 239,179,277,228,1 276,182,318,229,1 334,246,389,275,1
/home/d-vasilev/ground_truth/IMG_20190305_160551_small.jpg 24,126,63,238,1 0,125,24,245,1 92,65,162,102,0 96,0,162,63,1 162,0,223,64,1 102,260,164,292,0 93,117,191,241,1 190,110,287,248,1 293,260,352,293,0 287,117,370,249,1 369,110,400,249,1 242,67,310,104,0 223,0,283,65,1 288,0,360,66,1 360,0,400,67,1
/home/d-vasilev/ground_truth/IMG_20190305_170120_small.jpg 139,262,202,298,0 0,92,38,238,1 28,101,86,256,1 51,98,125,220,1 142,97,206,248,1 197,90,270,254,1 312,262,376,298,0 269,129,340,243,1 317,124,358,178,1 324,171,400,249,1
/home/d-vasilev/ground_truth/IMG_20190305_170035_small.jpg 0,129,58,235,1 175,245,242,283,0 177,110,216,214,1 280,243,350,282,0 304,109,344,211,1 251,111,283,169,1 49,246,118,284,0 53,147,109,233,1 109,147,166,235,1
/home/d-vasilev/ground_truth/IMG_20190305_160824_small.jpg 0,80,40,207,1 28,217,95,253,0 41,68,111,205,1 112,75,170,206,1 190,216,259,253,0 184,70,232,202,1 258,65,319,206,1 232,76,258,188,1 134,0,210,40,0 0,2,64,40,0 344,97,382,195,1
/home/d-vasilev/ground_truth/IMG_20190305_160324_small.jpg 348,158,398,206,1 273,226,343,266,0 252,156,297,206,1 298,157,346,206,1 164,228,237,269,0 157,155,201,206,1 201,156,249,207,1 47,228,123,269,0 49,156,102,209,1 103,158,151,208,1
/home/d-vasilev/ground_truth/IMG_20190305_160450_small.jpg 131,55,198,88,0 34,55,102,87,0 38,0,81,52,1 84,0,126,53,1 128,0,170,53,1 171,0,199,53,1 234,55,301,89,0 210,0,332,53,1 248,248,313,284,0 244,110,292,237,1 301,117,359,240,1 90,246,155,282,0 94,112,146,236,1 174,111,220,237,1 361,113,400,236,1 150,118,177,223,1 220,114,245,223,1 14,110,75,237,1 74,116,93,223,1
/home/d-vasilev/ground_truth/IMG_20190305_160825_small.jpg 348,98,389,197,1 0,0,69,36,0 0,67,35,204,1 29,216,99,253,0 45,64,113,204,1 117,73,172,206,1 193,216,263,255,0 188,70,236,203,1 261,64,326,208,1 235,76,263,188,1 140,0,217,38,0
/home/d-vasilev/ground_truth/IMG_20190305_160853_small.jpg 266,78,370,224,1 264,230,339,270,0 54,228,131,268,0 73,76,166,221,1 165,80,237,220,1
/home/d-vasilev/ground_truth/IMG_20190305_170055_small.jpg 0,180,52,222,1 53,244,126,284,0 82,167,130,198,1 83,191,131,217,1 140,173,168,216,1 175,244,248,285,0 180,199,234,242,1 219,175,254,223,1 292,244,368,285,0 262,148,319,201,1 319,169,375,205,1 318,198,374,221,1 268,196,319,221,1
/home/d-vasilev/ground_truth/IMG_20190305_160647_small.jpg 48,240,119,300,1 119,240,206,299,1 207,240,294,299,1 297,240,388,299,1 23,203,101,240,0 25,73,92,197,1 93,70,154,197,1 167,202,237,240,0 154,77,217,198,1 220,76,285,197,1 307,203,377,240,0 285,76,349,198,1 345,73,400,198,1 313,32,387,67,0 213,31,286,66,0 117,30,190,66,0 7,29,82,65,0
/home/d-vasilev/ground_truth/IMG_20190305_160519_small.jpg 178,31,278,227,1 280,32,385,227,1 182,262,250,300,0 53,262,122,300,0 54,85,171,256,1 18,135,43,253,1 42,135,57,242,1 0,136,18,249,1
/home/d-vasilev/ground_truth/IMG_20190305_170135_small.jpg 7,252,81,289,0 18,127,74,243,1 73,127,132,241,1 142,252,208,289,0 132,127,186,244,1 186,127,246,246,1 275,252,343,289,0 253,128,312,244,1 312,125,390,250,1 277,93,347,126,0 249,1,330,91,1 307,20,382,90,1 184,93,251,126,0 169,0,261,92,1 95,93,163,126,0 98,11,209,92,1 0,93,65,126,0 26,0,75,92,1 74,0,116,91,1
/home/d-vasilev/ground_truth/IMG_20190305_160254_small.jpg 101,243,159,273,0 17,131,84,230,1 104,163,148,215,1 148,164,190,216,1 190,164,233,212,1 251,165,295,228,1 300,162,346,222,1 350,164,400,226,1 256,243,311,273,0 0,13,50,53,0 87,13,161,56,0 198,17,270,58,0 309,21,379,61,0
/home/d-vasilev/ground_truth/IMG_20190305_170004_small.jpg 188,171,285,222,0 216,46,342,166,1
/home/d-vasilev/ground_truth/IMG_20190305_160416_small.jpg 244,259,294,300,1 294,243,335,298,1 144,241,191,290,1 193,245,241,284,1 0,168,53,198,0 0,99,29,136,1 0,126,33,150,1 27,100,56,136,1 29,129,59,150,1 30,239,73,284,1 0,239,37,286,1 21,211,60,242,1 1,198,38,236,1 59,199,79,242,1 108,217,160,241,0 89,59,177,201,1 155,59,250,208,1 253,216,305,240,0 231,65,343,204,1 306,68,399,202,1 336,243,373,290,1 365,243,400,291,1
/home/d-vasilev/ground_truth/IMG_20190305_160656_small.jpg 0,47,64,229,1 41,238,112,276,0 63,97,150,232,1 148,102,215,231,1 235,241,302,280,0 241,100,336,237,1 214,107,242,224,1
/home/d-vasilev/ground_truth/IMG_20190305_161043_small.jpg 59,86,130,122,0 65,5,220,90,1 213,92,279,126,0 220,0,269,91,1 281,94,348,129,0 279,0,334,94,1 350,97,400,130,0 329,0,375,95,1 374,0,400,96,1 40,247,109,285,0 54,122,114,240,1 113,123,174,241,1 184,249,249,288,0 172,125,229,240,1 239,126,299,244,1 314,252,379,289,0 298,129,356,246,1 355,130,400,247,1
/home/d-vasilev/ground_truth/IMG_20190305_160310_small.jpg 0,140,23,174,1 38,142,88,202,1 103,142,149,200,1 158,142,203,202,1 8,210,75,246,0 230,214,299,251,0 232,143,279,181,1 279,145,329,185,1 328,145,380,185,1
/home/d-vasilev/ground_truth/IMG_20190305_160925_small.jpg 94,224,165,261,0 100,104,136,216,1 138,105,172,216,1 172,223,241,261,0 172,105,205,217,1 205,108,233,215,1 251,223,319,261,0 233,94,278,217,1 277,95,321,218,1 347,224,400,261,0 321,96,365,217,1 364,98,399,215,1